0 0.173333 0.331818 0.169697 0.280000
0 0.156970 0.653636 0.170909 0.312727
0 0.513527 0.226131 0.339394 0.061818
0 0.518065 0.291858 0.370909 0.055455
0 0.509228 0.347926 0.345455 0.060000
0 0.339000 0.504845 0.063030 0.240000
0 0.432727 0.508636 0.067879 0.235455
0 0.536970 0.504545 0.080000 0.234545
0 0.651515 0.506364 0.081212 0.243636
0 0.506629 0.677656 0.391515 0.102727
0 0.517116 0.796101 0.352727 0.120000
1 0.716364 0.159091 0.046061 0.050909
1 0.719394 0.846364 0.054545 0.054545
6 0.394904 0.545041 0.784956 0.858963
