0 0.567457 0.844359 0.390590 0.046605
0 0.568992 0.762392 0.367510 0.055925
0 0.509719 0.698856 0.379938 0.053130
0 0.339991 0.513316 0.097648 0.235686
0 0.456281 0.509987 0.085220 0.237017
0 0.574345 0.505326 0.083444 0.233023
0 0.687972 0.495340 0.076343 0.231691
0 0.487350 0.312250 0.388815 0.086551
0 0.486462 0.203728 0.376387 0.114514
0 0.850422 0.342876 0.142033 0.280959
0 0.857523 0.679095 0.138482 0.287617
1 0.327563 0.892810 0.051487 0.078562
1 0.263648 0.181758 0.047936 0.067909
1 0.727918 0.200399 0.049711 0.062583
6 0.595620 0.505109 0.805839 0.905109
