0 0.210303 0.279545 0.180606 0.293636
0 0.197576 0.632273 0.193939 0.322727
0 0.561212 0.153182 0.339394 0.050000
0 0.550909 0.220000 0.350303 0.060000
0 0.557576 0.286364 0.363636 0.038182
0 0.392121 0.453182 0.059394 0.220909
0 0.496364 0.459091 0.059394 0.192727
0 0.632727 0.462273 0.048485 0.191818
0 0.732727 0.453182 0.071515 0.204545
0 0.569697 0.636364 0.344242 0.069091
0 0.553333 0.750000 0.335758 0.087273
1 0.328485 0.772273 0.048485 0.062727
1 0.813333 0.769545 0.048485 0.066364
1 0.763636 0.129091 0.048485 0.065455
6 0.455566 0.461328 0.855323 0.798908
