0 0.202500 0.287273 0.139091 0.165455
0 0.332045 0.299545 0.058636 0.133636
0 0.410455 0.275000 0.084545 0.195455
0 0.246818 0.579091 0.125455 0.307273
0 0.342614 0.573182 0.055227 0.319091
0 0.416932 0.530000 0.062045 0.232727
0 0.667159 0.274091 0.254318 0.140909
0 0.595227 0.416818 0.115909 0.082727
0 0.754091 0.414545 0.163636 0.096364
0 0.627614 0.621364 0.287045 0.231818
0 0.567273 0.809091 0.130909 0.100000
0 0.728864 0.822273 0.120000 0.082727
0 0.285682 0.849545 0.143182 0.102727
2 0.814432 0.759545 0.052500 0.042727
2 0.820909 0.182273 0.050455 0.040909
2 0.494318 0.197727 0.050455 0.039091
6 0.500910 0.540946 0.869427 0.821656
