0 0.249445 0.695739 0.172215 0.350200
0 0.264536 0.288282 0.159787 0.326232
0 0.619618 0.159787 0.387040 0.045273
0 0.626720 0.230360 0.408344 0.061252
0 0.621394 0.300932 0.411895 0.047936
0 0.437639 0.483356 0.097648 0.260985
0 0.561917 0.480027 0.090546 0.259654
0 0.664891 0.484021 0.083444 0.254328
0 0.800710 0.484021 0.106525 0.264980
0 0.601864 0.689081 0.450954 0.115846
0 0.627608 0.808921 0.427874 0.110519
1 0.365735 0.854860 0.049711 0.069241
1 0.902796 0.847537 0.051487 0.075899
1 0.845095 0.133822 0.042610 0.067909
6 0.505914 0.505005 0.960874 0.928116
