0 0.255758 0.264091 0.210909 0.340909
0 0.255152 0.680000 0.170909 0.369091
0 0.625455 0.123636 0.392727 0.049091
0 0.629091 0.186364 0.412121 0.054545
0 0.641212 0.262727 0.370909 0.063636
0 0.437576 0.460909 0.067879 0.261818
0 0.580606 0.459545 0.080000 0.250000
0 0.695758 0.463182 0.063030 0.264545
0 0.826061 0.460909 0.078788 0.263636
0 0.667879 0.665455 0.378182 0.105455
0 0.635152 0.796818 0.373333 0.100909
1 0.376970 0.818182 0.055758 0.074545
1 0.918788 0.830000 0.060606 0.070909
1 0.870303 0.091364 0.055758 0.073636
6 0.519260 0.478617 0.953594 0.937216
