0 0.303595 0.801598 0.042610 0.063915
0 0.869063 0.804261 0.047936 0.058589
0 0.852197 0.488682 0.042610 0.053262
1 0.217488 0.332889 0.126054 0.159787
1 0.490013 0.235020 0.358633 0.121172
1 0.758100 0.217710 0.149134 0.139814
1 0.782068 0.328229 0.133156 0.049268
1 0.553928 0.337550 0.241456 0.038615
1 0.220151 0.626498 0.131380 0.320905
1 0.446516 0.639148 0.182867 0.282290
1 0.639148 0.538615 0.092321 0.145140
1 0.640923 0.725033 0.092321 0.153129
1 0.774967 0.669774 0.115402 0.157124
1 0.769640 0.406125 0.126054 0.071904
1 0.494452 0.408123 0.321349 0.049268
2 0.519708 0.490511 0.856448 0.811679
