0 0.169091 0.632727 0.139394 0.236364
0 0.362897 0.327652 0.275152 0.097220
0 0.421179 0.403783 0.202424 0.025455
0 0.600021 0.380191 0.113939 0.050000
0 0.387715 0.460955 0.272727 0.045455
0 0.375758 0.540909 0.167273 0.067273
0 0.369091 0.689091 0.166061 0.207273
0 0.510909 0.576364 0.088485 0.138182
0 0.526061 0.736364 0.077576 0.154545
0 0.639394 0.651818 0.136970 0.152727
2 0.690909 0.507727 0.053333 0.053636
2 0.721212 0.789545 0.043636 0.064545
2 0.238788 0.781818 0.033939 0.049091
0 0.160000 0.384545 0.104242 0.125455
0 0.596364 0.279545 0.126061 0.086364
6 0.405823 0.540491 0.731574 0.686078
