1 0.311585 0.886152 0.055038 0.070573
1 0.909898 0.932091 0.062139 0.090546
0 0.144696 0.282290 0.189969 0.338216
0 0.173990 0.697071 0.173990 0.355526
0 0.556844 0.129235 0.491789 0.070404
0 0.545081 0.214429 0.532623 0.085220
0 0.615128 0.292940 0.537949 0.078432
0 0.360408 0.501997 0.092321 0.292943
0 0.492676 0.495340 0.108300 0.308921
0 0.636485 0.485353 0.122503 0.310253
0 0.791833 0.493342 0.110075 0.315579
0 0.585885 0.734354 0.514869 0.091877
0 0.598313 0.881491 0.468708 0.157124
6 0.496815 0.503185 0.966940 0.975432
