0 0.355082 0.778961 0.046161 0.069241
0 0.862850 0.784288 0.049711 0.069241
0 0.827341 0.081225 0.046161 0.058589
1 0.251221 0.612517 0.168664 0.330226
1 0.246782 0.258988 0.152685 0.304927
1 0.595650 0.119840 0.378162 0.047936
1 0.605415 0.195073 0.387040 0.057257
1 0.625832 0.260985 0.395917 0.047936
1 0.428762 0.436751 0.065690 0.245007
1 0.524634 0.438748 0.076343 0.246338
1 0.651576 0.434088 0.078118 0.237017
1 0.762539 0.441411 0.076343 0.246338
1 0.632934 0.633822 0.406569 0.098535
1 0.635597 0.753662 0.390590 0.109188
2 0.483698 0.448175 0.932360 0.881752
