2 0.302708 0.764314 0.037284 0.050599
2 0.836218 0.741012 0.046161 0.051931
2 0.798047 0.454727 0.037284 0.051931
0 0.229028 0.702397 0.120728 0.155792
0 0.237905 0.519973 0.102974 0.121172
0 0.422548 0.518642 0.213049 0.113182
0 0.597426 0.496671 0.083444 0.063915
0 0.617843 0.692410 0.099423 0.167776
0 0.739458 0.597870 0.136707 0.239680
0 0.716378 0.381491 0.111851 0.062583
0 0.714603 0.301598 0.133156 0.075899
0 0.687972 0.207723 0.129605 0.114514
0 0.447403 0.235020 0.312472 0.107856
0 0.462494 0.324234 0.296494 0.030626
0 0.484687 0.394141 0.220151 0.047936
0 0.205948 0.235020 0.099423 0.139814
6 0.488564 0.465693 0.790268 0.729927
