0 0.227273 0.270909 0.200000 0.358182
0 0.198182 0.695000 0.207273 0.377273
0 0.604848 0.133182 0.373333 0.068182
0 0.601212 0.212273 0.414545 0.073636
0 0.619394 0.290000 0.404848 0.054545
0 0.409091 0.481364 0.078788 0.264545
0 0.525455 0.484091 0.078788 0.273636
0 0.656364 0.485909 0.083636 0.268182
0 0.783030 0.483182 0.094545 0.282727
0 0.617576 0.705455 0.447273 0.138182
0 0.622424 0.845000 0.442424 0.119091
1 0.329697 0.865000 0.048485 0.075455
1 0.901212 0.876818 0.066667 0.080909
1 0.838182 0.116818 0.049697 0.059091
6 0.507128 0.500000 0.958447 0.959964
