0 0.476970 0.220000 0.347879 0.125455
0 0.729697 0.197273 0.130909 0.143636
0 0.747273 0.300455 0.132121 0.048182
0 0.549697 0.314545 0.238788 0.036364
0 0.481818 0.380000 0.326061 0.047273
0 0.747273 0.383636 0.103030 0.047273
0 0.228485 0.294091 0.100606 0.148182
0 0.247879 0.581818 0.146667 0.285455
0 0.461212 0.619545 0.216970 0.288182
0 0.643636 0.520909 0.111515 0.174545
0 0.650303 0.703636 0.105455 0.187273
0 0.766061 0.564545 0.128485 0.180000
2 0.849697 0.445455 0.050909 0.063636
2 0.870909 0.748636 0.049697 0.077273
2 0.321818 0.760000 0.047273 0.054545
6 0.519260 0.457234 0.856536 0.790719
