0 0.214545 0.273182 0.106667 0.144545
0 0.457576 0.225000 0.282424 0.104545
0 0.706667 0.209545 0.133333 0.091818
0 0.454545 0.321364 0.283636 0.037273
0 0.712727 0.296364 0.123636 0.074545
0 0.472121 0.386818 0.224242 0.042727
0 0.720000 0.382273 0.123636 0.059091
0 0.261212 0.523182 0.095758 0.130000
0 0.241818 0.675909 0.110303 0.126364
0 0.444242 0.509091 0.183030 0.105455
0 0.599394 0.505000 0.064242 0.088182
0 0.741818 0.602273 0.140606 0.237273
0 0.613333 0.676818 0.077576 0.140909
2 0.327879 0.749545 0.044848 0.059091
2 0.835152 0.733636 0.041212 0.060000
2 0.800000 0.450000 0.038788 0.047273
6 0.498635 0.455414 0.793449 0.719745
