1 0.194241 0.685087 0.062916 0.043941
1 0.201232 0.242344 0.058921 0.029294
1 0.836884 0.630493 0.057923 0.038615
0 0.335053 0.149134 0.272636 0.143808
0 0.658123 0.141145 0.265646 0.135819
0 0.228695 0.464048 0.081891 0.344874
0 0.320573 0.470040 0.085885 0.340879
0 0.496338 0.316245 0.215712 0.067909
0 0.492843 0.414780 0.222703 0.059920
0 0.496959 0.529147 0.233688 0.065246
0 0.509321 0.630493 0.241678 0.081225
0 0.637305 0.446153 0.050104 0.400799
0 0.699796 0.448331 0.054172 0.386152
0 0.743009 0.436085 0.017976 0.006658
0 0.770968 0.425821 0.067909 0.385337
6 0.511829 0.369427 0.795723 0.731574
