0 0.147304 0.836884 0.068908 0.049268
0 0.512317 0.812250 0.071904 0.053262
0 0.156292 0.225699 0.066911 0.038615
1 0.228695 0.737683 0.183755 0.130493
1 0.438915 0.717710 0.182756 0.119840
1 0.202230 0.589214 0.146804 0.094541
1 0.366511 0.580559 0.073901 0.093209
1 0.482856 0.561252 0.080892 0.102530
1 0.601698 0.697736 0.092876 0.149134
1 0.829893 0.693076 0.209720 0.163782
1 0.778606 0.394438 0.149842 0.362184
1 0.667111 0.438748 0.059920 0.264980
1 0.585719 0.371505 0.072903 0.332889
1 0.736019 0.069907 0.153795 0.113182
1 0.293092 0.139268 0.307590 0.135819
1 0.344041 0.368176 0.302597 0.206391
2 0.519255 0.404141 0.949068 0.798344
