1 0.294718 0.802929 0.039059 0.058589
1 0.774079 0.834887 0.053262 0.069241
1 0.728806 0.137816 0.051487 0.067909
0 0.169552 0.313582 0.154461 0.267643
0 0.507862 0.195111 0.387040 0.083888
0 0.522584 0.280064 0.422548 0.055925
0 0.537497 0.350573 0.399467 0.054594
0 0.347980 0.503995 0.081669 0.233023
0 0.449179 0.497337 0.088771 0.233023
0 0.561917 0.496671 0.083444 0.231691
0 0.679982 0.496671 0.092321 0.239680
0 0.553040 0.691744 0.363959 0.113182
0 0.551265 0.800266 0.349756 0.103862
0 0.194407 0.678429 0.147359 0.264980
