0 0.126667 0.356818 0.093333 0.126364
0 0.352727 0.317727 0.264242 0.099091
0 0.553939 0.310455 0.094545 0.102727
0 0.370909 0.399545 0.191515 0.035455
0 0.569697 0.396818 0.123636 0.039091
0 0.564242 0.463182 0.107879 0.064545
0 0.343636 0.460909 0.258182 0.038182
0 0.332727 0.664545 0.146667 0.218182
0 0.146667 0.659545 0.130909 0.240909
0 0.575152 0.645000 0.103030 0.131818
0 0.470303 0.572727 0.077576 0.129091
2 0.632121 0.527273 0.030303 0.047273
2 0.636364 0.767273 0.026667 0.050909
6 0.359114 0.523658 0.664847 0.672429
