0 0.311585 0.818242 0.040834 0.062583
0 0.285841 0.165113 0.039059 0.058589
0 0.751886 0.163782 0.040834 0.061252
1 0.883267 0.659787 0.154461 0.304927
1 0.862850 0.304261 0.166889 0.286285
1 0.505992 0.181758 0.387040 0.121172
1 0.518420 0.294940 0.383489 0.086551
1 0.350644 0.485353 0.083444 0.235686
1 0.467821 0.485353 0.076343 0.235686
1 0.589436 0.484687 0.078118 0.231691
1 0.697736 0.474035 0.063915 0.234354
1 0.503329 0.643142 0.385264 0.045273
1 0.520195 0.708389 0.372836 0.071904
1 0.531735 0.790945 0.385264 0.069241
2 0.609002 0.471533 0.781995 0.855474
