0 0.183914 0.458301 0.063409 0.377273
0 0.264128 0.453568 0.070992 0.380909
0 0.325909 0.442727 0.055909 0.367273
0 0.487159 0.300000 0.240682 0.072727
0 0.487500 0.396364 0.240000 0.065455
0 0.487841 0.496364 0.240682 0.067273
0 0.487159 0.611818 0.251591 0.078182
0 0.666339 0.422350 0.110460 0.350000
0 0.775233 0.449441 0.101591 0.342727
0 0.302045 0.785000 0.339545 0.182727
0 0.673977 0.793636 0.321136 0.183636
1 0.814432 0.668636 0.075682 0.055455
1 0.777955 0.230909 0.060000 0.047273
1 0.160909 0.241364 0.064091 0.042727
6 0.489991 0.579618 0.870792 0.800728
