1 0.381713 0.775632 0.039059 0.059920
1 0.877941 0.775632 0.047936 0.062583
1 0.829117 0.121172 0.046161 0.050599
0 0.284953 0.263648 0.158012 0.292943
0 0.267199 0.640479 0.165113 0.335553
0 0.600976 0.141811 0.388815 0.065246
0 0.623169 0.212383 0.436751 0.057257
0 0.624057 0.274967 0.442077 0.041278
0 0.446516 0.447403 0.072792 0.239680
0 0.554816 0.445406 0.072792 0.241012
0 0.668442 0.446072 0.072792 0.245007
0 0.781181 0.437417 0.074567 0.233023
0 0.634709 0.626498 0.395917 0.089214
0 0.635597 0.743009 0.404794 0.103862
6 0.519867 0.456324 0.898999 0.865332
