1 0.388815 0.834221 0.053262 0.065246
1 0.932091 0.841545 0.046161 0.069241
1 0.895695 0.094541 0.047936 0.063915
0 0.266312 0.249001 0.166889 0.338216
0 0.253884 0.670439 0.188194 0.350200
0 0.635597 0.108522 0.447403 0.067909
0 0.651576 0.195073 0.472259 0.065246
0 0.642699 0.269640 0.454505 0.051931
0 0.452730 0.462051 0.085220 0.252996
0 0.568131 0.452730 0.085220 0.258322
0 0.694186 0.458056 0.081669 0.274301
0 0.846871 0.456724 0.095872 0.252996
0 0.639148 0.667111 0.468708 0.103862
0 0.656014 0.801598 0.449179 0.117177
6 0.515815 0.470073 0.938200 0.934307
