0 0.244242 0.268182 0.202424 0.343636
0 0.228428 0.646674 0.209697 0.350909
0 0.601096 0.122099 0.404848 0.062727
0 0.590843 0.205102 0.431479 0.078182
0 0.629896 0.281404 0.431499 0.047273
0 0.407956 0.464647 0.084837 0.250000
0 0.541918 0.458789 0.113939 0.253636
0 0.661842 0.451996 0.101818 0.250000
0 0.802252 0.447841 0.100606 0.262727
0 0.636970 0.669545 0.440000 0.117273
0 0.645455 0.792727 0.423030 0.116364
1 0.376364 0.816364 0.042424 0.060000
1 0.913333 0.807273 0.066667 0.094545
1 0.842424 0.071818 0.048485 0.061818
6 0.501668 0.463603 0.988778 0.907188
