0 0.195000 0.282727 0.145909 0.172727
0 0.333750 0.288182 0.066136 0.138182
0 0.414886 0.272273 0.078409 0.188182
0 0.231477 0.577727 0.142500 0.350000
0 0.340568 0.556818 0.053864 0.335455
0 0.414545 0.523636 0.064091 0.254545
0 0.666818 0.266818 0.253636 0.148182
0 0.595909 0.417727 0.122727 0.075455
0 0.755455 0.417727 0.145909 0.093636
0 0.630341 0.613182 0.243409 0.215455
0 0.566250 0.804545 0.132955 0.092727
0 0.723068 0.807273 0.119318 0.094545
0 0.287045 0.847727 0.124091 0.097273
2 0.808295 0.759545 0.045682 0.033636
2 0.822614 0.189091 0.047045 0.050909
2 0.496023 0.198636 0.045682 0.044545
6 0.488285 0.527753 0.882393 0.809827
