0 0.195682 0.252273 0.147273 0.184545
0 0.336818 0.255455 0.065455 0.152727
0 0.422045 0.217727 0.091364 0.195455
0 0.229773 0.539091 0.171818 0.367273
0 0.356932 0.516364 0.056591 0.338182
0 0.436023 0.594091 0.071591 0.250000
0 0.674659 0.224091 0.247500 0.160909
0 0.611250 0.372273 0.128864 0.091818
0 0.772841 0.369091 0.169773 0.107273
0 0.648409 0.567727 0.244091 0.231818
0 0.576477 0.784545 0.156136 0.114545
0 0.738409 0.768182 0.132273 0.094545
0 0.319432 0.835000 0.164318 0.110000
2 0.834545 0.720000 0.054545 0.041818
2 0.836591 0.128182 0.058636 0.049091
2 0.504886 0.145455 0.053864 0.052727
6 0.503298 0.493176 0.916515 0.844404
