1 0.331114 0.791611 0.044385 0.051931
1 0.780293 0.144474 0.040834 0.065246
1 0.303595 0.132490 0.042610 0.059920
0 0.552153 0.758322 0.351531 0.057257
0 0.534399 0.690413 0.358633 0.051931
0 0.535286 0.623835 0.367510 0.043941
0 0.365735 0.465379 0.081669 0.222370
0 0.487350 0.460719 0.072792 0.231691
0 0.607190 0.464048 0.063915 0.227696
0 0.703063 0.458056 0.067466 0.221039
0 0.553040 0.284288 0.363959 0.073236
0 0.562805 0.181758 0.344430 0.075899
0 0.908123 0.280293 0.172215 0.294274
0 0.871727 0.649800 0.170439 0.298269
6 0.611617 0.443130 0.776767 0.864422
