2 0.252863 0.747670 0.039542 0.046605
2 0.793969 0.732357 0.043705 0.050599
2 0.789806 0.488682 0.039542 0.045273
0 0.164413 0.634487 0.133195 0.262317
0 0.413113 0.614514 0.210199 0.262317
0 0.598338 0.661119 0.089491 0.078562
0 0.587932 0.581225 0.077004 0.057257
0 0.583770 0.511318 0.077004 0.058589
0 0.710722 0.609188 0.110302 0.134487
0 0.422479 0.408788 0.353800 0.050599
0 0.420397 0.348202 0.266390 0.049268
0 0.729452 0.354194 0.143601 0.039947
0 0.725290 0.416778 0.139439 0.061252
0 0.142561 0.272304 0.139439 0.155792
0 0.423519 0.239015 0.401667 0.163782
0 0.721127 0.249667 0.135276 0.129161
6 0.450116 0.469063 0.866100 0.756142
