2 0.247170 0.665779 0.048935 0.034621
2 0.243675 0.239015 0.041944 0.025300
2 0.483356 0.649800 0.045939 0.029294
0 0.373003 0.589214 0.136818 0.097204
0 0.342044 0.358855 0.208722 0.147803
0 0.436917 0.483356 0.132823 0.071904
0 0.339547 0.145140 0.227696 0.173103
0 0.627164 0.129161 0.109854 0.111851
0 0.540779 0.364181 0.054927 0.243675
0 0.596704 0.384154 0.042943 0.177097
0 0.681591 0.349534 0.114847 0.251664
0 0.552264 0.582557 0.063915 0.121172
0 0.610186 0.573901 0.041944 0.109188
0 0.697570 0.565246 0.118842 0.091877
6 0.499545 0.381256 0.676979 0.660601
