0 0.384848 0.306364 0.306667 0.118182
0 0.633333 0.274545 0.134545 0.100000
0 0.423930 0.403927 0.195141 0.034545
0 0.391306 0.456172 0.237576 0.044545
0 0.644242 0.380455 0.132121 0.050000
0 0.636970 0.449545 0.127273 0.068182
0 0.192121 0.370000 0.083636 0.101818
0 0.220000 0.654545 0.120000 0.229091
0 0.375758 0.663182 0.160000 0.226364
0 0.533333 0.575000 0.077576 0.140909
0 0.537576 0.722727 0.081212 0.120000
0 0.645455 0.640000 0.120000 0.149091
2 0.715758 0.518182 0.037576 0.045455
2 0.732727 0.789091 0.037576 0.067273
6 0.447073 0.543221 0.707310 0.704277
