0 0.485455 0.192273 0.347879 0.117273
0 0.492727 0.297727 0.347879 0.075455
0 0.339598 0.502801 0.092121 0.233636
0 0.458481 0.500239 0.096970 0.226364
0 0.569314 0.492766 0.084848 0.216364
0 0.690303 0.485455 0.066667 0.209091
0 0.529708 0.668757 0.396364 0.060909
0 0.580982 0.735949 0.383030 0.050866
0 0.565745 0.811992 0.375758 0.049091
0 0.844242 0.320000 0.180606 0.272727
0 0.847900 0.656025 0.170909 0.285455
1 0.724242 0.183182 0.044848 0.064545
1 0.355758 0.858182 0.047273 0.067273
6 0.594025 0.466788 0.811950 0.846224
