0 0.127830 0.657790 0.149134 0.308921
0 0.152685 0.316245 0.149134 0.278296
0 0.507767 0.204394 0.340879 0.051931
0 0.505992 0.268309 0.369285 0.049268
0 0.488238 0.330226 0.351531 0.050599
0 0.318686 0.500000 0.069241 0.222370
0 0.418997 0.493342 0.063915 0.222370
0 0.535286 0.492011 0.072792 0.219707
0 0.639148 0.496671 0.071016 0.223702
0 0.489126 0.677763 0.378162 0.087883
0 0.500666 0.794940 0.344430 0.122503
1 0.231691 0.809587 0.040834 0.069241
1 0.709277 0.828895 0.040834 0.059920
1 0.703063 0.166445 0.042610 0.055925
