2 0.220151 0.776964 0.039059 0.057257
2 0.749223 0.803595 0.049711 0.059920
2 0.734132 0.488682 0.047936 0.063915
0 0.372836 0.260985 0.301820 0.103862
0 0.624945 0.221704 0.124279 0.089214
0 0.654239 0.416112 0.172215 0.065246
0 0.444740 0.360186 0.225477 0.041278
0 0.392366 0.421438 0.308921 0.049268
0 0.371949 0.515313 0.179316 0.071904
0 0.361296 0.679760 0.175766 0.233023
0 0.150910 0.615846 0.138482 0.262317
0 0.145584 0.377497 0.085220 0.158455
0 0.664891 0.651798 0.161562 0.177097
0 0.531735 0.571238 0.090546 0.130493
0 0.530848 0.735686 0.088771 0.169108
