0 0.490909 0.184545 0.320000 0.090909
0 0.487273 0.283182 0.307879 0.075455
0 0.349697 0.455909 0.076364 0.231818
0 0.472121 0.457273 0.081212 0.225455
0 0.578788 0.455455 0.073939 0.207273
0 0.684848 0.448182 0.050909 0.220000
0 0.501212 0.607273 0.355152 0.036364
0 0.521818 0.667727 0.352727 0.066364
0 0.518788 0.741364 0.346667 0.053636
0 0.844848 0.292273 0.147879 0.273636
0 0.843636 0.624091 0.160000 0.290000
1 0.297576 0.149091 0.052121 0.076364
1 0.744242 0.154545 0.043636 0.076364
1 0.318182 0.766364 0.047273 0.078182
6 0.617076 0.431301 0.765848 0.806187
