0 0.218375 0.665113 0.170439 0.358189
0 0.233466 0.239680 0.182867 0.338216
0 0.631158 0.092543 0.403018 0.073236
0 0.621394 0.177763 0.436751 0.067909
0 0.637372 0.248336 0.433200 0.041278
0 0.423435 0.445406 0.065690 0.278296
0 0.554816 0.441411 0.079893 0.272969
0 0.694186 0.447403 0.085220 0.282290
0 0.822903 0.452064 0.104749 0.283622
0 0.655126 0.661784 0.426099 0.127830
0 0.652463 0.799601 0.410120 0.134487
1 0.331114 0.813582 0.044385 0.074567
1 0.885042 0.822903 0.047936 0.077230
1 0.871727 0.069907 0.056813 0.073236
6 0.498029 0.474522 0.949955 0.947225
