0 0.198846 0.757656 0.102974 0.175766
0 0.192632 0.523302 0.150910 0.085220
0 0.159787 0.329561 0.131380 0.169108
0 0.458056 0.208389 0.408344 0.126498
0 0.507767 0.328229 0.365735 0.041278
0 0.523746 0.403462 0.276964 0.063915
0 0.432312 0.547936 0.253884 0.142477
0 0.435863 0.792277 0.271638 0.143808
0 0.644474 0.557257 0.088771 0.089214
0 0.645362 0.775632 0.097648 0.182423
0 0.782068 0.655126 0.140257 0.324900
0 0.772304 0.392144 0.152685 0.065246
0 0.798935 0.314913 0.117177 0.051931
0 0.759876 0.171105 0.145584 0.129161
1 0.276964 0.840879 0.042610 0.073236
1 0.902796 0.833555 0.051487 0.071904
1 0.878828 0.494008 0.056813 0.074567
2 0.509002 0.502190 0.959611 0.899270
