2 0.251221 0.820240 0.047936 0.063915
2 0.822903 0.819574 0.051487 0.062583
2 0.814913 0.497337 0.046161 0.049268
0 0.174878 0.631824 0.136707 0.286285
0 0.396804 0.638482 0.207723 0.278296
0 0.591212 0.568575 0.102974 0.175766
0 0.595650 0.768309 0.101198 0.181092
0 0.723480 0.587217 0.126054 0.165113
0 0.430537 0.420107 0.332002 0.059920
0 0.384376 0.352863 0.250333 0.055925
0 0.435863 0.245672 0.360408 0.131824
0 0.701287 0.233688 0.134931 0.147803
0 0.720817 0.342210 0.138482 0.047936
0 0.699512 0.424767 0.053262 0.045273
0 0.170439 0.326232 0.092321 0.151798
6 0.476886 0.499270 0.887591 0.846715
