2 0.882379 0.922104 0.049711 0.070573
2 0.853085 0.578562 0.051487 0.065246
2 0.276964 0.930759 0.046161 0.063915
0 0.173990 0.735020 0.145584 0.348868
0 0.159787 0.456059 0.124279 0.161119
0 0.449179 0.308921 0.379938 0.130493
0 0.740346 0.288282 0.149134 0.145140
0 0.768753 0.402796 0.145584 0.051931
0 0.523746 0.417443 0.252108 0.038615
0 0.475810 0.486684 0.337328 0.043941
0 0.750999 0.486684 0.134931 0.073236
0 0.628495 0.628495 0.088771 0.146471
0 0.431425 0.730360 0.216600 0.291611
0 0.640923 0.829561 0.102974 0.138482
0 0.774877 0.766062 0.127830 0.170439
