0 0.115152 0.344545 0.104242 0.129091
0 0.332121 0.282727 0.264242 0.107273
0 0.545455 0.250455 0.111515 0.155455
0 0.373333 0.374545 0.206061 0.034545
0 0.348485 0.435000 0.248485 0.048182
0 0.549697 0.426818 0.122424 0.071818
0 0.542424 0.362727 0.103030 0.043636
0 0.341212 0.597727 0.153939 0.204545
0 0.156970 0.589545 0.127273 0.146364
0 0.461818 0.543182 0.070303 0.102727
0 0.464242 0.674091 0.080000 0.099091
0 0.563030 0.527727 0.081212 0.115455
0 0.564848 0.656364 0.077576 0.101818
2 0.209091 0.713636 0.040000 0.043636
2 0.632727 0.720000 0.041212 0.036364
2 0.633333 0.487273 0.052121 0.047273
6 0.361541 0.472702 0.659994 0.650591
