2 0.704838 0.763648 0.031957 0.049268
2 0.694186 0.510652 0.035508 0.049268
2 0.244119 0.747670 0.026631 0.043941
0 0.170439 0.352197 0.085220 0.131824
0 0.380826 0.292943 0.285841 0.114514
0 0.622281 0.270306 0.111851 0.106525
0 0.633822 0.374168 0.120728 0.042610
0 0.620506 0.442077 0.115402 0.061252
0 0.413671 0.382823 0.216600 0.033289
0 0.378162 0.437417 0.255659 0.046605
0 0.195295 0.623835 0.117177 0.190413
0 0.355082 0.645140 0.156236 0.233023
0 0.511318 0.559920 0.078118 0.126498
0 0.521083 0.697736 0.062139 0.074567
0 0.621394 0.623169 0.117177 0.133156
6 0.419465 0.516788 0.722141 0.683212
