0 0.427879 0.213182 0.332121 0.133636
0 0.710303 0.188636 0.123636 0.100909
0 0.506667 0.325455 0.247273 0.045455
0 0.441212 0.397727 0.320000 0.051818
0 0.733333 0.391818 0.150303 0.074545
0 0.422424 0.495455 0.202424 0.070909
0 0.444713 0.650625 0.180688 0.247527
0 0.606061 0.544091 0.104242 0.146364
0 0.607273 0.725909 0.082424 0.164545
0 0.734545 0.620455 0.135758 0.170000
0 0.189697 0.599091 0.166061 0.298182
0 0.173939 0.347727 0.112727 0.153636
2 0.267273 0.771364 0.044848 0.046364
2 0.822424 0.466818 0.054545 0.059091
2 0.818788 0.779091 0.049697 0.072727
6 0.470124 0.468153 0.894146 0.852593
