0 0.395114 0.161818 0.191591 0.158182
0 0.392045 0.402273 0.253636 0.206364
0 0.278182 0.600909 0.128182 0.109091
0 0.478295 0.594091 0.168409 0.111818
0 0.286023 0.740909 0.154773 0.140000
0 0.509659 0.736818 0.160227 0.131818
0 0.636136 0.424545 0.084545 0.358182
0 0.718295 0.467727 0.047045 0.260909
0 0.851932 0.410455 0.162955 0.337273
0 0.757841 0.086818 0.167045 0.133636
0 0.892159 0.732727 0.206591 0.183636
0 0.742500 0.721364 0.068182 0.157273
0 0.641250 0.724091 0.101591 0.150000
2 0.227727 0.838182 0.064091 0.041818
2 0.559091 0.827727 0.064091 0.046364
2 0.224659 0.241364 0.059318 0.051818
6 0.560737 0.448135 0.878526 0.876251
