2 0.676431 0.796272 0.035508 0.063915
2 0.673768 0.529960 0.040834 0.058589
2 0.210386 0.769640 0.033733 0.058589
0 0.149134 0.362184 0.085220 0.141145
0 0.160675 0.640479 0.111851 0.194407
0 0.368398 0.307590 0.303595 0.103862
0 0.598313 0.296272 0.124279 0.118509
0 0.391478 0.404794 0.204172 0.037284
0 0.610741 0.394141 0.113626 0.047936
0 0.596538 0.460053 0.117177 0.067909
0 0.362184 0.457390 0.259210 0.049268
0 0.493564 0.579228 0.078118 0.146471
0 0.494452 0.713049 0.069241 0.099867
0 0.594763 0.647137 0.102974 0.146471
